# TESTING			 
# REPRESENTATIONAL						kNN	kNN	kNN	kNN	RATE^d	RATE^d	RATE^d	RATE^d	RATE^d	RATE^r	RATE^r	RATE^r	RATE^r	RATE^r	LEMPEL
# BIAS				TRACE	PREFIX	BLOCK	KL	k=1	k=2	k=3	k=4	(22.2)	(22.3)	(22.4)	(22.5)	(22.6)	(22.2)	(22.3)	(22.4)	(22.5)	(22.6)	ZIV

global-noise-1000a.xes		4.858	5.908	6.505	2.93	2.965	2.407	2.058	1.761	2.913	0.723	2.913	2.913	2.913	2.913	1.782	2.913	2.913	2.913	2.512
global-noise-1000b.xes		5.129	6.033	6.608	3.073	3.102	2.419	2.172	1.938	2.894	0.745	2.894	2.894	2.894	2.894	1.796	2.894	2.894	2.894	2.351
global-noise-1000c.xes		4.807	5.875	6.43	2.879	2.915	2.288	2.023	1.75	2.918	0.563	2.918	2.918	2.918	2.918	1.729	2.918	2.918	2.918	2.481
global-noise-1000d.xes		4.907	5.765	6.491	2.949	2.983	2.37	2.085	1.82	2.912	0.675	2.912	2.912	2.912	2.912	1.765	2.912	2.912	2.912	2.48
global-noise-1000e.xes		5.129	6.097	6.673	3.079	3.108	2.426	2.196	1.951	2.886	0.815	2.886	2.886	2.886	2.886	1.82	2.886	2.886	2.886	2.29
little-global-noise-1000a.xes	4.644	5.611	6.385	2.788	2.828	2.206	1.901	1.667	2.911	0.518	2.911	2.911	2.911	2.911	1.696	2.911	2.911	2.911	2.586
little-global-noise-1000b.xes	4.644	5.68	6.387	2.803	2.843	2.322	1.94	1.614	2.925	0.638	2.925	2.925	2.925	2.925	1.748	2.925	2.925	2.925	2.484
little-global-noise-1000c.xes	4.392	5.644	6.347	2.622	2.67	2.136	1.719	1.541	2.915	0.404	2.915	2.915	2.915	2.915	1.661	2.915	2.915	2.915	2.666
little-global-noise-1000d.xes	4.585	5.629	6.312	2.72	2.763	2.148	1.896	1.625	2.91	0.512	2.91	2.91	2.91	2.91	1.681	2.91	2.91	2.91	2.533
little-global-noise-1000e.xes	4.459	5.53	6.214	2.705	2.752	2.319	1.819	1.486	2.937	0.459	2.937	2.937	2.937	2.937	2.258	2.937	2.937	2.937	2.475
semi-local-noise-1000a.xes	3.322	4.613	5.79	1.822	1.927	1.486	1.246	1.074	2.929	0.235	2.929	2.929	2.929	2.929	2.061	2.929	2.929	2.929	2.482
semi-local-noise-1000b.xes	3.322	4.688	5.821	1.822	1.927	1.504	1.242	1.114	2.948	0.25	2.948	2.948	2.948	2.948	2.067	2.948	2.948	2.948	2.718
semi-local-noise-1000c.xes	3.585	4.747	5.946	1.983	2.07	1.535	1.267	1.123	2.881	0.445	2.881	2.881	2.881	2.881	1.505	2.881	2.881	2.881	2.592
semi-local-noise-1000d.xes	3.322	4.688	5.821	1.822	1.927	1.504	1.242	1.114	2.948	0.25	2.948	2.948	2.948	2.948	2.067	2.948	2.948	2.948	2.718
semi-local-noise-1000e.xes	3.459	4.673	5.863	1.897	1.993	1.517	1.247	1.13	2.906	0.277	2.906	2.906	2.906	2.906	2.056	2.906	2.906	2.906	2.486
local-noise-1000a.xes		3.322	4.871	5.79	1.785	1.891	1.467	1.228	1.097	2.924	0.31	2.924	2.924	2.924	2.924	1.985	2.924	2.924	2.924	2.676
local-noise-1000b.xes		3.585	5.098	5.944	1.937	2.024	1.486	1.285	1.117	2.922	0.391	2.922	2.922	2.922	2.922	1.98	2.922	2.922	2.922	2.56
local-noise-1000c.xes		3.322	4.871	5.79	1.785	1.891	1.467	1.228	1.097	2.924	0.31	2.924	2.924	2.924	2.924	1.985	2.924	2.924	2.924	2.792
local-noise-1000d.xes		3.322	4.871	5.79	1.785	1.891	1.467	1.228	1.097	2.924	0.31	2.924	2.924	2.924	2.924	1.985	2.924	2.924	2.924	2.56
local-noise-1000e.xes		3.17	4.783	5.69	1.7	1.818	1.438	1.196	1.087	2.943	0.24	2.943	2.943	2.943	2.943	1.99	2.943	2.943	2.943	2.696
little-local-noise-1000a.xes	3	4.614	5.564	1.607	1.74	1.489	1.192	1.117	2.948	1.003	2.948	2.948	2.948	2.948	1.975	2.948	2.948	2.948	2.441
little-local-noise-1000b.xes	3.17	4.717	5.712	1.7	1.818	1.483	1.236	1.156	2.943	0.271	2.943	2.943	2.943	2.943	1.99	2.943	2.943	2.943	2.696
little-local-noise-1000c.xes	3.17	4.783	5.69	1.7	1.818	1.438	1.196	1.087	2.943	0.24	2.943	2.943	2.943	2.943	1.99	2.943	2.943	2.943	2.439
little-local-noise-1000d.xes	3.17	4.717	5.712	1.7	1.818	1.483	1.236	1.156	2.943	0.271	2.943	2.943	2.943	2.943	1.99	2.943	2.943	2.943	2.953
little-local-noise-1000e.xes	3	4.614	5.564	1.607	1.74	1.489	1.192	1.117	2.948	1.003	2.948	2.948	2.948	2.948	1.975	2.948	2.948	2.948	2.729
no-noise-1000a.xes		2	3.75	4.822	1.676	1.964	1.369	1.157	0.823	2.75	0.835	2.75	2.75	2.75	2.75	1.792	2.75	2.75	2.75	2.75
no-noise-1000b.xes		2	3.75	4.822	1.676	1.964	1.369	1.157	0.823	2.75	0.835	2.75	2.75	2.75	2.75	1.792	2.75	2.75	2.75	2.75
no-noise-1000c.xes		2	3.75	4.822	1.676	1.964	1.369	1.157	0.823	2.75	0.835	2.75	2.75	2.75	2.75	1.792	2.75	2.75	2.75	2.75
no-noise-1000d.xes		2	3.75	4.822	1.676	1.964	1.369	1.157	0.823	2.75	0.835	2.75	2.75	2.75	2.75	1.792	2.75	2.75	2.75	2.75
no-noise-1000e.xes		2	3.75	4.822	1.676	1.964	1.369	1.157	0.823	2.75	0.835	2.75	2.75	2.75	2.75	1.792	2.75	2.75	2.75	2.75
